0.086766
0.087179
0.088077
0.088680
0.088868
0.089442
0.090319
0.090372
0.090448
0.090522
0.090600
0.090741
0.090837
0.090876
0.090925
0.091131
0.091205
0.091378
0.091386
0.091395
0.091427
0.091470
0.091518
0.091547
0.091742
0.091942
0.091961
0.092137
0.092204
0.092236
0.092425
0.092654
0.092763
0.092840
0.093004
0.093147
0.093241
0.093392
0.093571
0.093777
0.093813
0.093945
0.094290
0.094466
0.094756
0.095051
0.095157
0.095544
0.095659
0.095987
0.096054
0.096360
0.097000
0.097372
0.097410
0.098325
0.100962
0.101822
0.105157
0.105848
0.106777
0.109651
0.111202
0.111837
0.111973
0.112063
0.112621
0.113106
0.113138
0.113474
0.114910
0.114912
0.115053
0.116467
0.116828
0.117376
0.117790
0.118327
0.118637
0.118695
0.120163
0.120745
0.122129
0.122941
0.123404
0.124400
0.124875
0.125410
0.126376
0.126445
0.128507
0.128793
0.129626
0.131818
0.132226
0.132394
0.133560
0.133962
0.134186
0.134358
0.135196
0.135569
0.137469
0.137900
0.137983
0.138555
0.139468
0.140536
0.141251
0.143542
0.147362
0.147557
0.148756
0.150123
0.150302
0.151027
0.151358
0.152250
0.152384
0.152539
0.154925
0.155386
0.155528
0.156425
0.156682
0.157012
0.157846
0.159293
0.160669
0.161646
0.161746
0.162211
0.162227
0.163283
0.163722
0.165619
0.166150
0.166666
0.168978
0.169486
0.171178
0.172865
0.176283
0.176671
0.177680
0.179391
0.184696
0.185675
0.185879
0.186359
0.186875
0.187000
0.187328
0.187779
0.189902
0.191859
0.194348
0.197633
0.198195
0.198268
0.198345
0.199359
0.200299
0.203423
0.203757
0.206896
0.208614
0.209712
0.209797
0.210888
0.213038
0.214599
0.215743
0.218448
0.218619
0.219314
0.219957
0.220412
0.220616
0.223223
0.223651
0.225422
0.230842
0.234915
0.237902
0.244778
0.249447
0.251473
0.259233
0.259536
0.261776
0.266809
0.267368
0.270806
0.277778
0.282458
0.283244
0.291695
0.299927
0.304325
0.336852
0.342494
0.347247
0.367375
0.369823
0.373232
0.381900
0.382594
0.410831
0.444748
0.449268
0.464271
0.503172
0.504356
0.579320
0.601829
0.603271
0.607721
0.621098
0.646662
0.663622
0.711472
0.751303
0.754120
0.762534
0.794071
0.800228
0.801506
0.802155
0.808236
0.850876
0.856005
0.862147
0.869295
0.874965
0.891418
0.891549
0.980295
1.042401
1.056326
1.076839
1.099370
1.109456
1.112486
1.113060
1.139481
1.222094
1.225967
1.302922
1.443611
